teleportenabled: true
teleportauto: false
godmode: false
muted: false
jailed: false
ip-address: 127.0.0.1
afk: false
socialspy: false
npc: false
powertoolsenabled: true
accepting-pay: true
baltop-exempt: false
timestamps:
  lastteleport: 1709404555205
  lastheal: 0
  mute: 0
  jail: 0
  onlinejail: 0
  logout: 1709404589364
  login: 1709418777896
money: '0'
last-account-name: lucas8615
lastlocation:
  world: 6925d98d-9bec-4570-879e-2f8524f701a4
  world-name: world
  x: -13401.336617681178
  y: 116.0
  z: 616.1817168933927
  yaw: 5.176239013671875
  pitch: 8.874077796936035
logoutlocation:
  world: 6925d98d-9bec-4570-879e-2f8524f701a4
  world-name: world
  x: -13393.5
  y: 116.0
  z: 618.5
  yaw: -68.89349365234375
  pitch: 32.1620979309082
homes:
  casa:
    world: 6925d98d-9bec-4570-879e-2f8524f701a4
    world-name: world
    x: -13393.64515187939
    y: 116.0
    z: 618.6452741502497
    yaw: -68.89349365234375
    pitch: 32.1620979309082
  ara_as:
    world: 6925d98d-9bec-4570-879e-2f8524f701a4
    world-name: world
    x: -13256.228141454763
    y: -41.0
    z: 921.9911806799537
    yaw: -158.339599609375
    pitch: 29.21126937866211
  mina:
    world: 6925d98d-9bec-4570-879e-2f8524f701a4
    world-name: world
    x: -13475.313440687933
    y: -9.0
    z: 875.2743609213668
    yaw: -30.7919921875
    pitch: 25.54031753540039
