world: 15b5e600-e7c4-4077-b25f-ad651c98ca09
world-name: world_the_end
x: 100.8490414123687
y: 49.0
z: 0.2770222590640468
yaw: 66.30038452148438
pitch: -15.599985122680664
name: World_Ender
lastowner: 25279003-2f48-3685-89b6-d077956f757b
